1.000000000000000000e+00 1.607973456741194442e-06
9.985386449608919524e-01 -3.826191247888352694e-03
9.950439623214181184e-01 -5.777598194498306458e-03
9.911229089900889244e-01 -5.366841973979555661e-03
9.872225069173817813e-01 -4.583660077241190692e-03
9.833308546243937354e-01 -3.759578408870125222e-03
9.794464857910589739e-01 -2.901897230930729904e-03
9.755447168578782469e-01 -2.125236500340214538e-03
9.716471570876243913e-01 -1.327044556399208704e-03
9.677477844076262103e-01 -5.378335733182059916e-04
9.638435550045869604e-01 2.267749797185980587e-04
9.599430118160378056e-01 1.010129664886876910e-03
9.560324836420707184e-01 1.741561330501268257e-03
9.521304492950579679e-01 2.517910684024726557e-03
9.482156776789747443e-01 3.226643418559237142e-03
9.442988923537009027e-01 3.924396392485357717e-03
9.403825056261928550e-01 4.624414626167659692e-03
9.364710102672346714e-01 5.351208903149712662e-03
9.325553279576497268e-01 6.054889834241198622e-03
9.286339835483725658e-01 6.726729558376075280e-03
9.247130198473583196e-01 7.400539881584182640e-03
9.207921487416457218e-01 8.074917193043920291e-03
9.168667709507358765e-01 8.722527803292365670e-03
9.129395106826991846e-01 9.358783625945247750e-03
9.090116044144702645e-01 9.990845753414911989e-03
9.050826066472579257e-01 1.061612108470284116e-02
9.011534859484794380e-01 1.124085686861990736e-02
8.972227873524366570e-01 1.185530846716544538e-02
8.932880909861475871e-01 1.244348226890800400e-02
8.893522588561784126e-01 1.302450185233187951e-02
8.854173349515458424e-01 1.361163812397179866e-02
8.814795983667786938e-01 1.417885738187119223e-02
8.775377600264054889e-01 1.471734449162002620e-02
8.735961939087869554e-01 1.525799444196388605e-02
8.696568752073063902e-01 1.581463865568748586e-02
8.657168367233303297e-01 1.636604627970818238e-02
8.617738012550603122e-01 1.689574207878897366e-02
8.578281928495394837e-01 1.740608897675220701e-02
8.538808576313757781e-01 1.790266355156745065e-02
8.499328251758182518e-01 1.839363103010750386e-02
8.459851086188657776e-01 1.888734020427841956e-02
8.420373936778442481e-01 1.938107620580071036e-02
8.380881984005840168e-01 1.986239190955575717e-02
8.341364848345373950e-01 2.032255907850937307e-02
8.301830840330843841e-01 2.076849772276372075e-02
8.262292695261705955e-01 2.121083259799518006e-02
8.222756845059876474e-01 2.165491899154968480e-02
8.183219299001543989e-01 2.209739911568467732e-02
8.143675119236966076e-01 2.253411043472549821e-02
8.104120323232164580e-01 2.296127979444498313e-02
8.064552054379262591e-01 2.337559296191069405e-02
8.024967609124193935e-01 2.377385572466918923e-02
7.985367838910180094e-01 2.415664185794993979e-02
7.945758283976652736e-01 2.452949485282490336e-02
7.906144799203058682e-01 2.489829187300227759e-02
7.866531002767406244e-01 2.526660778643907354e-02
7.826914925798021949e-01 2.563226656356353689e-02
7.787293741398931823e-01 2.599220898776706881e-02
7.747664877581187381e-01 2.634364180025570643e-02
7.708028238609109239e-01 2.668635534641095736e-02
7.668385121864739196e-01 2.702159348401069958e-02
7.628736840243085515e-01 2.735061627253627253e-02
7.589084555546453670e-01 2.767459642633468553e-02
7.549428932328453579e-01 2.799441920542424314e-02
7.509770533000169612e-01 2.831091082228773259e-02
7.470109917159198920e-01 2.862489327929195262e-02
7.430446845796837563e-01 2.893599354613143187e-02
7.390779186808591472e-01 2.924100576817261626e-02
7.351104533754015957e-01 2.953631357508113356e-02
7.311420501639589453e-01 2.981833185361823860e-02
7.271726613238064241e-01 3.008625590050428497e-02
7.232025774620247649e-01 3.034421188671387881e-02
7.192321239129138011e-01 3.059683210341901036e-02
7.152616202117886290e-01 3.084866310376327761e-02
7.112911713366271149e-01 3.110107920882363916e-02
7.073206096826452072e-01 3.135142460123501590e-02
7.033497500321552742e-01 3.159678305668021936e-02
6.993784129430460350e-01 3.183432269626677857e-02
6.954065402766680393e-01 3.206298313339059347e-02
6.914341891158991560e-01 3.228338665437956861e-02
6.874614211018007515e-01 3.249622211237953445e-02
6.834882971806659491e-01 3.270218498775046695e-02
6.795148693889859759e-01 3.290205574921849230e-02
6.755411835929466813e-01 3.309667372249684020e-02
6.715672855351563220e-01 3.328687941207590650e-02
6.675932209812247553e-01 3.347352646952890531e-02
6.636190358923802490e-01 3.365758035788710134e-02
6.596447763286655830e-01 3.384006302047946196e-02
6.556704883508850390e-01 3.402199683582629586e-02
6.516962031444022418e-01 3.420406231671907493e-02
6.477218642601039189e-01 3.438492597016502145e-02
6.437473832660269846e-01 3.456251927685378977e-02
6.397726716833465055e-01 3.473477264050105207e-02
6.357976615499172368e-01 3.490006060393690407e-02
6.318223719941923333e-01 3.505864302188990700e-02
6.278468452491884344e-01 3.521127990992812401e-02
6.238711235438912928e-01 3.535873124999146244e-02
6.198952441064468077e-01 3.550171261059891642e-02
6.159192294800726053e-01 3.564080914063674776e-02
6.119430995262388207e-01 3.577658217187624362e-02
6.079668740301181762e-01 3.590959050262186592e-02
6.039905599092096899e-01 3.603996565621196690e-02
6.000141368471623160e-01 3.616693484785012819e-02
5.960375810610645253e-01 3.628961018454397724e-02
5.920608689843142036e-01 3.640710973938438705e-02
5.880839901778891488e-01 3.651891365896908076e-02
5.841069546366328691e-01 3.662506567905979282e-02
5.801297741232445127e-01 3.672565829488286249e-02
5.761524605164285440e-01 3.682079237111082065e-02
5.721750291519236420e-01 3.691081818738370379e-02
5.681974993275095143e-01 3.699637187308436881e-02
5.642198905585615876e-01 3.707810525649038458e-02
5.602422216137689093e-01 3.715664843085005747e-02
5.562644984427733696e-01 3.723225834416751118e-02
5.522867162108215933e-01 3.730487802518844820e-02
5.483088697472180417e-01 3.737444072385346511e-02
5.443309536763413226e-01 3.744076340498235511e-02
5.403529603773388201e-01 3.750238897814271027e-02
5.363748808433411730e-01 3.755707385907728485e-02
5.323967060470315982e-01 3.760256286083932253e-02
5.284184305846247875e-01 3.763714159212622895e-02
5.244400766394802238e-01 3.766321291891090717e-02
5.204616790825888906e-01 3.768507327909698112e-02
5.164832728520462046e-01 3.770702912560720127e-02
5.125048862000938232e-01 3.773229489556285954e-02
5.085265131955214457e-01 3.775850176489359278e-02
5.045481370110690422e-01 3.778150123281668465e-02
5.005697408149064609e-01 3.779714405560870294e-02
4.965913136168327302e-01 3.780243430723286696e-02
4.926128660007311755e-01 3.779863545072664754e-02
4.886344135297844837e-01 3.778799401640468847e-02
4.846559717671755085e-01 3.777275653458166821e-02
4.806775537307516610e-01 3.775477445971643642e-02
4.766991606468138354e-01 3.773406901401789998e-02
4.727207903295278513e-01 3.771013180298191103e-02
4.687424405927142490e-01 3.768245437849843116e-02
4.647641124400170853e-01 3.765047061158016684e-02
4.607858260341545220e-01 3.761326792392704482e-02
4.568076086577649297e-01 3.756980498929763518e-02
4.528294876053393647e-01 3.751904026712010037e-02
4.488514854667731147e-01 3.746018077816192643e-02
4.448735881095409739e-01 3.739437372575065560e-02
4.408957641456866527e-01 3.732367798203839460e-02
4.369179820872614028e-01 3.725015770216067584e-02
4.329402151157548118e-01 3.717563515363368765e-02
4.289624833796913950e-01 3.709949960391151907e-02
4.249848341821620967e-01 3.701973365170216357e-02
4.210073151563640814e-01 3.693430279542984224e-02
4.170299702433085676e-01 3.684133319851711635e-02
4.130527940749969540e-01 3.674109669960612390e-02
4.090757461495905245e-01 3.663539398185926971e-02
4.050987852105917830e-01 3.652605856731529210e-02
4.011218729060111454e-01 3.641482040798624253e-02
3.971450252451781959e-01 3.630147101950913224e-02
3.931683064713156761e-01 3.618408197524144304e-02
3.891917825011713128e-01 3.606066517334456656e-02
3.852155176078609355e-01 3.592928729314066177e-02
3.812395327483985019e-01 3.578945871082664376e-02
3.772638022599857921e-01 3.564224360992843815e-02
3.732882981743315121e-01 3.548878301452595280e-02
3.693129929825957336e-01 3.533020418836772814e-02
3.653378787410942463e-01 3.516704842877080989e-02
3.613629739541939778e-01 3.499906492741512720e-02
3.573882990016210570e-01 3.482594670993433006e-02
3.534138736286360216e-01 3.464739898443425226e-02
3.494396728998624413e-01 3.446398487882785383e-02
3.454655985286300135e-01 3.427767595055035421e-02
3.414915454141735363e-01 3.409057459552853470e-02
3.375174091879861726e-01 3.390476937911408861e-02
3.335431964184972231e-01 3.372025353862249941e-02
3.295691423289199284e-01 3.353270158041977284e-02
3.255955103543356488e-01 3.333725515752111040e-02
3.216225636483520112e-01 3.312906115163718329e-02
3.176504387810928365e-01 3.290561787590506188e-02
3.136789465390612541e-01 3.267047544280880789e-02
3.097078460158598778e-01 3.242814421894663068e-02
3.057368963261143380e-01 3.218313420441079598e-02
3.017659441166528067e-01 3.193842939000280517e-02
2.977951233011196797e-01 3.169200564591252017e-02
2.938246266343785829e-01 3.144081302275410217e-02
2.898546468712930313e-01 3.118180157114168807e-02
2.858853283795895761e-01 3.091270887697979489e-02
2.819166172394561576e-01 3.063449979780078630e-02
2.779484087455834640e-01 3.034896576145168501e-02
2.739805981926364264e-01 3.005789819620248438e-02
2.700130923938199867e-01 2.976287705530348757e-02
2.660458575510049606e-01 2.946439194380859328e-02
2.620788789512309425e-01 2.916258207198444904e-02
2.581121418905146236e-01 2.885758648527866205e-02
2.541456434564531852e-01 2.854941270439583650e-02
2.501794573402457145e-01 2.823721380403048514e-02
2.462136878357236713e-01 2.791980151334131147e-02
2.422484393169778982e-01 2.759598666626570523e-02
2.382838073881323182e-01 2.726469332079757210e-02
2.343198125024583134e-01 2.692581576485472694e-02
2.303564369132193312e-01 2.657974146493983711e-02
2.263936625724445872e-01 2.622686177661874216e-02
2.224314656644639510e-01 2.586761073043784831e-02
2.184697936578106348e-01 2.550263482399919845e-02
2.145085851016556855e-01 2.513264654891487343e-02
2.105477799992697963e-01 2.475834331442486325e-02
2.065874051564642599e-01 2.437952268009406509e-02
2.026276215731337149e-01 2.399459106531131800e-02
1.986686017519559977e-01 2.360183564438384993e-02
1.947105170072794544e-01 2.319963006928783822e-02
1.907535331564388925e-01 2.278674802318772508e-02
1.867978144283919117e-01 2.236207877934708738e-02
1.828434268666550011e-01 2.192535393104967992e-02
1.788896708046218142e-01 2.148287392005060470e-02
1.749354870549728602e-01 2.104402343241111584e-02
1.709800883374122116e-01 2.061581616083570101e-02
1.670246778690193945e-01 2.018791105241857231e-02
1.630713377232466677e-01 1.974230448257828854e-02
1.591213560772009594e-01 1.926778726162845998e-02
1.551728797877167942e-01 1.878003713128260574e-02
1.512233370308676828e-01 1.830089606603517785e-02
1.472723806330116236e-01 1.783369487943922693e-02
1.433226183445336088e-01 1.735717666687488364e-02
1.393761061251839461e-01 1.685449126325494831e-02
1.354310999499742096e-01 1.633947961267907811e-02
1.314848761252313536e-01 1.583393423387875407e-02
1.275377911174727930e-01 1.533533977926373158e-02
1.235924681150847027e-01 1.482328604971545893e-02
1.196496683062800159e-01 1.429185524892818276e-02
1.157079027948543781e-01 1.375264866236362155e-02
1.117662089934601810e-01 1.321312158451632551e-02
1.078245029143198724e-01 1.267382198548130598e-02
1.038829523059552479e-01 1.213326674815707641e-02
9.994210874672108946e-02 1.158717516307226567e-02
9.600451593383442506e-02 1.101861462108034637e-02
9.207189015998568093e-02 1.041654960617758273e-02
8.813773996970000746e-02 9.824598984444059616e-03
8.420095286296110093e-02 9.250316246406035947e-03
8.026787143583102857e-02 8.651305167423963341e-03
7.633465002678953282e-02 8.053063386410331745e-03
7.240139812910607875e-02 7.455170887386384539e-03
6.847257669598348639e-02 6.828690125608232256e-03
6.454649195755317315e-02 6.185303809276614974e-03
6.061843845914736267e-02 5.554284326248766328e-03
5.668625663230048711e-02 4.948371933842247473e-03
5.276792664508544312e-02 4.260166242079756541e-03
4.884253610355593356e-02 3.613457927332877195e-03
4.491177355615196681e-02 2.999107762002968091e-03
4.099731482552475964e-02 2.288828850468276662e-03
3.707062883257283142e-02 1.648546490965266788e-03
3.315507236446994799e-02 9.442187940146248067e-04
2.923789405601434979e-02 2.486595634669582920e-04
2.531759297144342211e-02 -4.272937536671575758e-04
2.140029636354013817e-02 -1.122009208001733226e-03
1.749285686056861397e-02 -1.869028964190296190e-03
1.357272218715365603e-02 -2.546291679754401210e-03
9.660872533742486876e-03 -3.269359780597072985e-03
5.721843931009084824e-03 -3.815097783219043373e-03
1.841780053713681182e-03 -3.440812430734488999e-03
-1.168439151043393096e-05 -1.375968384480766489e-04
2.003628322802774014e-03 3.151978115864846088e-03
5.249659280266678191e-03 5.446259660039397439e-03
8.740290102875190523e-03 7.352331325144691697e-03
1.233731017549942292e-02 9.049639823992311830e-03
1.600782740717132668e-02 1.058279392297956437e-02
1.976046672604391680e-02 1.190415674618659422e-02
2.354189192095356223e-02 1.313992427768974174e-02
2.733854863273092739e-02 1.432842464703994005e-02
3.115504765148675512e-02 1.545198005458054552e-02
3.498893619143907813e-02 1.651481189647568959e-02
3.883640540541677399e-02 1.752718783283423176e-02
4.266783908215474042e-02 1.859856382223828639e-02
4.651090329327955269e-02 1.962764274030652512e-02
5.035146314167661397e-02 2.066570990153938567e-02
5.420651117319574136e-02 2.164918480218216285e-02
5.805874525969375449e-02 2.264316087423979065e-02
6.190806058786373078e-02 2.364857175643158768e-02
6.576465353004971870e-02 2.462571923444238989e-02
6.962279689562936302e-02 2.559668194721455639e-02
7.347425076511657216e-02 2.659397582753067479e-02
7.733363926327108118e-02 2.755956456050258005e-02
8.120596898680333686e-02 2.847281516619972960e-02
8.508028641265694136e-02 2.937718563582689471e-02
8.894445254560744141e-02 3.032376387352969313e-02
9.280787255489685028e-02 3.127333577511999529e-02
9.668476283841051511e-02 3.216634866188110981e-02
1.005641281640809320e-01 3.304915902028433827e-02
1.044400178271358282e-01 3.394662856631671527e-02
1.083183617483305800e-01 3.483334596642921610e-02
1.122009232041616261e-01 3.570162722747630829e-02
1.160859528130500640e-01 3.655875492888972095e-02
1.199723537063182993e-01 3.740957411480555495e-02
1.238595648674921529e-01 3.825677641058847916e-02
1.277483141230421337e-01 3.909684597482573215e-02
1.316400238581981463e-01 3.992291980793463008e-02
1.355342555878654709e-01 4.073711948540510719e-02
1.394288589911949761e-01 4.154982974734895695e-02
1.433234221152338561e-01 4.236282294943103516e-02
1.472210606696539859e-01 4.316041030961954850e-02
1.511245453829090646e-01 4.392868055708997604e-02
1.550313745837201551e-01 4.468030864555646436e-02
1.589368143820467372e-01 4.543922440285051018e-02
1.628388482715374952e-01 4.621548509327697701e-02
1.667410412391960861e-01 4.699065487958405118e-02
1.706475155835656399e-01 4.774345975383501028e-02
1.745592840462896200e-01 4.846866910541018647e-02
1.784741277113719993e-01 4.917772568558349128e-02
1.823897738529876300e-01 4.988234063762908566e-02
1.863056547428561804e-01 5.058526545365429894e-02
1.902226617179514356e-01 5.128158433279050160e-02
1.941417113922567772e-01 5.196625270114096223e-02
1.980630873242957557e-01 5.263767045089771252e-02
2.019863568321526859e-01 5.329813455130118227e-02
2.059110489743639638e-01 5.395015016348204268e-02
2.098368079699673705e-01 5.459560539019538833e-02
2.137635748594235718e-01 5.523479789178600136e-02
2.176913378560527412e-01 5.586777256477666598e-02
2.216200890461426376e-01 5.649455111338667901e-02
2.255498701137693685e-01 5.711485823782308513e-02
2.294807570568315469e-01 5.772821315850173995e-02
2.334128265587550599e-01 5.833413099072738001e-02
2.373461878349891752e-01 5.893184240736593776e-02
2.412811223905276248e-01 5.951907167459911246e-02
2.452179685508779072e-01 6.009304625073429162e-02
2.491570646767261032e-01 6.065099328649001253e-02
2.530985802546348862e-01 6.119142188429500112e-02
2.570418775398099487e-01 6.171896897478718058e-02
2.609860778655517244e-01 6.224010036707353088e-02
2.649303025229311492e-01 6.276128219082489912e-02
2.688739422165490889e-01 6.328693260574751178e-02
2.728175356681807884e-01 6.381274302090360340e-02
2.767619273282000414e-01 6.433208082329185118e-02
2.807079616491076623e-01 6.483831338390169674e-02
2.846562249061366234e-01 6.532684692673945692e-02
2.886063105338916857e-01 6.580092824259424489e-02
2.925575733420239799e-01 6.626568856858786050e-02
2.965093681560021510e-01 6.672625900628158246e-02
3.004612742944233195e-01 6.718584669757382555e-02
3.044136603914856520e-01 6.764089416139119904e-02
3.083670684637268011e-01 6.808635798865017574e-02
3.123220404243004511e-01 6.851719574086430342e-02
3.162788688150431904e-01 6.893070614593992118e-02
3.202370615772756057e-01 6.933155397686294186e-02
3.241959727371141464e-01 6.972584900481548775e-02
3.281549566119147943e-01 7.011969809720118574e-02
3.321136455104100604e-01 7.051643643608768164e-02
3.360724672992537743e-01 7.091146717252447274e-02
3.400319912536570732e-01 7.129878355761974651e-02
3.439927861025189326e-01 7.167238460173405712e-02
3.479551711345553744e-01 7.202889892943385719e-02
3.519188220799719380e-01 7.237173959985375438e-02
3.558833122802191884e-01 7.270539906086599669e-02
3.598482157126167702e-01 7.303436248273370568e-02
3.638132860644426869e-01 7.336105823230008871e-02
3.677787026640897960e-01 7.368304315949279759e-02
3.717447064627289466e-01 7.399716883367904452e-02
3.757115375363659360e-01 7.430029849749363036e-02
3.796792825932996940e-01 7.459134106853720914e-02
3.836477007487100743e-01 7.487357502212044214e-02
3.876165089688078380e-01 7.515084103202335220e-02
3.915854256417047319e-01 7.542695838830321131e-02
3.955543547779383218e-01 7.570295483787081725e-02
3.995235684352064220e-01 7.597432313086967259e-02
4.034933820292505580e-01 7.623590396342144748e-02
4.074641086673450596e-01 7.648257565475473363e-02
4.114358505156721635e-01 7.671265441701133336e-02
4.154083324898147356e-01 7.693060484784740305e-02
4.193812403688615409e-01 7.714152938686431871e-02
4.233542624114948194e-01 7.735048664220152415e-02
4.273272632251139957e-01 7.755941792845667815e-02
4.313003979146570188e-01 7.776512947270830534e-02
4.352738486928401929e-01 7.796394832133586583e-02
4.392477955104137632e-01 7.815224692452149569e-02
4.432222989126083368e-01 7.832879452661645203e-02
4.471972431819261073e-01 7.849589844521742688e-02
4.511724984240123582e-01 7.865615056609757960e-02
4.551479367035090040e-01 7.881209377709409714e-02
4.591235151501585898e-01 7.896414334046578110e-02
4.630993068457117667e-01 7.910981435780224669e-02
4.670753931947037030e-01 7.924641376342320132e-02
4.710518534986771755e-01 7.937131069185607291e-02
4.750286931619982500e-01 7.948405993461120367e-02
4.790058259069108759e-01 7.958692796557963189e-02
4.829831597437414525e-01 7.968235020006179947e-02
4.869606046030122148e-01 7.977270439490485865e-02
4.909381271905265409e-01 7.985866349499530503e-02
4.949157590265347295e-01 7.993895423827764024e-02
4.988935351681619279e-01 8.001219715967847201e-02
5.028714889019005874e-01 8.007702851965432800e-02
5.068496100649051428e-01 8.013247046557814279e-02
5.108278434750413988e-01 8.017794497496372186e-02
5.148061318654281182e-01 8.021289254060086360e-02
5.187844187449452971e-01 8.023677322579030047e-02
5.227626988850190282e-01 8.025034031894175135e-02
5.267410493518663861e-01 8.025642319906355071e-02
5.307195546332198477e-01 8.025803847131880719e-02
5.346982991339976898e-01 8.025820037336992008e-02
5.386773296776624642e-01 8.025884875092267889e-02
5.426565962230479601e-01 8.025915424938974418e-02
5.466360333346114153e-01 8.025784741430222469e-02
5.506155755768097348e-01 8.025365879119125689e-02
5.545951575140999346e-01 8.024531892558796342e-02
5.585747137109390303e-01 8.023155836302345301e-02
5.625541787317847042e-01 8.021110764902884827e-02
5.665334871410936390e-01 8.018269732913529957e-02
5.705125735033228507e-01 8.014505794887388790e-02
5.744913723829294661e-01 8.009692005377574975e-02
5.784698183443710562e-01 8.003701418937199386e-02
5.824478459521044149e-01 7.996407090119377059e-02
5.864253897705862251e-01 7.987682073477214706e-02
5.904023843642740577e-01 7.977399423563828751e-02
5.943787642976250396e-01 7.965432194932328680e-02
5.983544641350964088e-01 7.951653442135828143e-02
6.023294184411447372e-01 7.935936219727438012e-02
6.063035617802272625e-01 7.918153582260270551e-02
6.102768446109544387e-01 7.898214379461351853e-02
6.142496556936689611e-01 7.877014559086771561e-02
6.182228595616325872e-01 7.856521912076247505e-02
6.221968571079313781e-01 7.837684230891628356e-02
6.261712578491724912e-01 7.819706197997122743e-02
6.301455990652854444e-01 7.801633385144653154e-02
6.341194183768922299e-01 7.782512107725468586e-02
6.380923945064800318e-01 7.761696667488095225e-02
6.420645644083390335e-01 7.739323287161652132e-02
6.460360210398573555e-01 7.715650428755722878e-02
6.500068573584235621e-01 7.690936554279900750e-02
6.539771410032123589e-01 7.665385775922436973e-02
6.579468357843049064e-01 7.638979319191897821e-02
6.619158788994011777e-01 7.611641281628209188e-02
6.658842075461859356e-01 7.583295760739329483e-02
6.698517621127006993e-01 7.553874508960206624e-02
6.738185045243239024e-01 7.523360955327400290e-02
6.777844056148493168e-01 7.491759903694997225e-02
6.817494362463902835e-01 7.459076225868192800e-02
6.857135654084558496e-01 7.425312869471317745e-02
6.896767390898674854e-01 7.390449147956289211e-02
6.936388878337174102e-01 7.354448503640061141e-02
6.975999418969929255e-01 7.317274084853858662e-02
7.015598335599940727e-01 7.278890869362773797e-02
7.055185433211492718e-01 7.239307432665198494e-02
7.094761008503475130e-01 7.198576809975575086e-02
7.134325380314812115e-01 7.156754038359497416e-02
7.173878853136572697e-01 7.113893025531986547e-02
7.213420820075282514e-01 7.069975942163299332e-02
7.252949231754330928e-01 7.024871417963540754e-02
7.292461911158533150e-01 6.978438035935241590e-02
7.331956685429794618e-01 6.930534690923208230e-02
7.371432882449169277e-01 6.881132855277671823e-02
7.410893550772645888e-01 6.830483106682035122e-02
7.450342305658613773e-01 6.778878533833822273e-02
7.489782762365470026e-01 6.726612225430558811e-02
7.529216935903494390e-01 6.673861720212405368e-02
7.568640390537033635e-01 6.620338764516564556e-02
7.608047065309063717e-01 6.565637751466082972e-02
7.647430899262543935e-01 6.509353074181996324e-02
7.686786884951040122e-01 6.451152958940534199e-02
7.726116998728738139e-01 6.391195077521677481e-02
7.765426058598233761e-01 6.329836252871179347e-02
7.804718890826403133e-01 6.267433887120310576e-02
7.843999356173350090e-01 6.204278059582869070e-02
7.883266465416087776e-01 6.140320670150339194e-02
7.922517709743709391e-01 6.075407660948998340e-02
7.961750578594259942e-01 6.009385005033208299e-02
8.000962409055341062e-01 5.942107143645700834e-02
8.040150239825596401e-01 5.873445103565650555e-02
8.079311074968934525e-01 5.803271836695850922e-02
8.118442547528637032e-01 5.731492090252460203e-02
8.157546912307019893e-01 5.658244244356777641e-02
8.196628485155076360e-01 5.583770866472829303e-02
8.235691112193269658e-01 5.508291549147802807e-02
8.274730736881968918e-01 5.431639102261351382e-02
8.313736821669286403e-01 5.353329133234870085e-02
8.352699301791526310e-01 5.272899462463240261e-02
8.391620654839712090e-01 5.190484272305730118e-02
8.430514547230359979e-01 5.106749749684318107e-02
8.469393038224571901e-01 5.022289670730936684e-02
8.508247450239545540e-01 4.936753365023534290e-02
8.547056828973319531e-01 4.849231026599423733e-02
8.585806833423648143e-01 4.759107575183516708e-02
8.624508496809806246e-01 4.666899335920881436e-02
8.663178338689764280e-01 4.573366756354813739e-02
8.701823034005475854e-01 4.478820339368300152e-02
8.740439726514236396e-01 4.383135073732499082e-02
8.779022180301843115e-01 4.286067945472954444e-02
8.817556801396444488e-01 4.187129376705230055e-02
8.856034641958473452e-01 4.086009489361021318e-02
8.894473244562339787e-01 3.983396553046452543e-02
8.932893897256483084e-01 3.880117140263433101e-02
8.971295585903318326e-01 3.776141198144812583e-02
9.009669787694206677e-01 3.671152949584063907e-02
9.048010285016377940e-01 3.564938425102484598e-02
9.086313678089124046e-01 3.457392977486102581e-02
9.124582816323552059e-01 3.348642198947843901e-02
9.162824912670533006e-01 3.238940124535131387e-02
9.201041834360584870e-01 3.128341237415380172e-02
9.239164818485732233e-01 3.014587017810508446e-02
9.277213484393820320e-01 2.898348706317958878e-02
9.315358341561376099e-01 2.785289013703865987e-02
9.353393246511446657e-01 2.668664202751394252e-02
9.391302965561932892e-01 2.547940471257589129e-02
9.429212993757509764e-01 2.427272977775204663e-02
9.467049316255722324e-01 2.304300171655523227e-02
9.504908078290185136e-01 2.182022581090450886e-02
9.542690292647099115e-01 2.057400121829143849e-02
9.580520015463912520e-01 1.934232823826597530e-02
9.618116554611967350e-01 1.804110642514784521e-02
9.655680801600552421e-01 1.673077293246936353e-02
9.693302851745057014e-01 1.543697357491392516e-02
9.730857720559968893e-01 1.412384241374690583e-02
9.768360935203904694e-01 1.279593083295567715e-02
9.805679570728104144e-01 1.141796910751205832e-02
9.843091941500734521e-01 1.006569951931839124e-02
9.880802557641839012e-01 8.764945891811174936e-03
9.918518438369068324e-01 7.472410823442045096e-03
9.954903113991788732e-01 5.892776903269073864e-03
9.987461421301836451e-01 3.704763906586399508e-03
1.000000000000000000e+00 1.607973456741226841e-06
